-80, 89
-80, 22
-61, -86
-4, 94
8, 55
76, -67
45, 37
-26, 2
-16, 87
36, -82
-49, 54
9, -75
89, 39
30, -80
-65, 56
-52, -76
32, -15
96, -87
-49, -5
-95, -61
-50, 11
50, -8
-16, 83
37, 55
-16, -4
70, -21
-76, 6
91, 34
-49, -5
-19, 17
57, 7
8, 84
64, -47
82, 47
-45, 7
47, 70
-61, -44
-1, 13
73, 89
68, 87
-3, 69
-43, -49
-60, 100
90, 17
16, 80
78, -1
77, -93
95, 11
-72, 57
-10, -8
54, 78
-51, -17
86, 27
-69, 18
-18, -56
-15, 3
-90, 49
75, 19
-80, -47
-66, -70
19, -41
-92, 90
34, -21
49, -46
-80, -81
-45, 51
16, -57
76, 29
55, -17
40, 64
-15, 39
85, -5
-76, 72
-82, 69
79, -76
-42, -83
-24, -81
-59, -23
65, -81
85, -55
49, -74
2, -6
74, 50
-5, 42
-50, -23
44, 8
17, -57
-33, 71
53, 3
71, 54
65, 45
99, 33
87, -87
-62, -10
-96, 72
-12, -96
33, 19
11, 60
-46, 88
-84, -27