79, 68
41, -54
94, -55
-83, 27
-52, 53
25, 60
-23, 19
-74, 59
80, 98
95, 18
-43, 14
-96, -71
18, 48
76, -82
13, 73
90, 40
89, 79
85, 83
-76, -50
58, -29
-50, 30
-69, 27
-51, 5
34, -72
3, 77
94, -93
-10, 97
-64, -92
93, -88
-26, 53
85, 12
-7, -78
-9, -22
-47, 14
27, -89
-67, -75
41, 12
52, -63
-83, 33
13, 20
10, 7
27, 100
52, -89
-44, 44
-77, 30
-3, -44
-10, 90
-22, 80
15, 31
42, -10
41, -77
15, 30
35, -33
-85, 52
-52, 28
20, 57
-66, -6
57, 86
5, -40
30, 75
90, -73
-69, 27
-36, 8
55, 79
-13, -3
-31, -24
68, 84
-47, 3
-1, -32
3, 46
95, -29
3, -71
65, 8
-85, 17
68, 92
-8, -95
-33, 71
32, 31
27, 35
58, -87
-20, -73
-11, -52
-41, 42
99, 57
-43, 2
51, -48
73, 2
-19, 85
-90, 44
2, -75
84, -58
-22, -50
-87, -42
-71, 87
93, 86
100, -27
-39, 37
69, 67
26, 68
24, 83